1 1 0.42 0.58 41.67 58.33
1 2 0.31 0.94 31.06 68.94
1 3 0.23 1.47 23.15 76.85
1 4 0.17 2.11 17.26 82.74
1 5 0.13 2.85 12.86 87.14
1 6 0.1 3.65 9.59 90.41
1 7 0.07 4.5 7.15 92.85
2 1 1.33 0.25 75.43 24.57
2 2 0.2 1.02 19.82 65.0
2 3 0.35 1.6 26.23 73.77
2 4 0.14 2.34 14.02 83.67
2 5 0.14 3.11 12.19 87.81
2 6 0.08 3.95 8.25 91.4
2 7 0.07 4.82 6.41 93.59
3 1 2.43 0.08 91.64 8.36
3 2 1.6 0.32 73.26 26.74
3 3 0.85 0.85 41.09 51.23
3 4 0.67 1.34 37.84 62.16
3 5 0.34 2.02 21.54 75.1
3 6 0.28 2.72 19.0 81.0
3 7 0.15 3.51 11.83 87.03
4 1 3.47 0.03 97.15 2.85
4 2 2.42 0.25 79.14 17.71
4 3 1.87 0.5 70.35 29.65
4 4 1.15 0.99 46.38 48.36
4 5 0.9 1.47 41.84 58.16
4 6 0.52 2.12 25.9 70.82
4 7 0.41 2.79 22.93 77.07
5 1 4.48 0.01 99.03 0.97
5 2 3.52 0.08 93.01 6.99
5 3 2.68 0.31 76.95 19.87
5 4 2.1 0.56 70.1 29.9
5 5 1.42 1.01 49.98 45.74
5 6 1.12 1.47 45.2 54.8
5 7 0.7 2.09 29.88 67.0
6 1 5.48 0.0 99.67 0.33
6 2 4.49 0.06 95.18 4.16
6 3 3.74 0.15 90.22 9.78
6 4 2.88 0.38 75.83 21.28
6 5 2.32 0.63 70.0 30.0
6 6 1.65 1.06 52.39 43.93
6 7 1.32 1.5 47.69 52.31
7 1 6.48 0.0 99.89 0.11
7 2 5.51 0.02 98.38 1.62
7 3 4.68 0.09 92.75 6.26
7 4 3.91 0.19 88.39 11.61
7 5 3.1 0.43 75.32 22.05
7 6 2.52 0.68 70.13 29.87
7 7 1.87 1.09 54.29 42.45
